40.0 40.0 41.0 41.0 40.0 40.0 40.0 39.0 39.0 40.0 0.02
80.0 81.0 82.0 84.0 87.0 83.0 85.0 86.0 88.0 85.0 0.2
60.0 63.0 64.0 64.0 62.0 61.0 63.0 64.0 63.0 62.0 0.09
72.0 75.0 79.0 78.0 81.0 81.0 82.0 79.0 82.0 81.0 0.12
61.0 62.0 63.0 61.0 60.0 62.0 60.0 61.0 62.0 60.0 0.06
40.0 40.0 40.0 39.0 40.0 40.0 41.0 40.0 40.0 40.0 0.01
40.0 40.0 40.0 40.0 40.0 40.0 40.0 40.0 40.0 40.0 0.01
40.0 40.0 41.0 40.0 40.0 40.0 40.0 40.0 39.0 40.0 0.00
70.0 86.0 74.0 85.0 73.0 84.0 75.0 83.0 76.0 82.0 0.15
41.0 40.0 40.0 40.0 40.0 40.0 39.0 40.0 40.0 40.0 0.01
40.0 40.0 40.0 40.0 40.0 39.0 40.0 40.0 40.0 40.0 0.02
40.0 40.0 39.0 40.0 41.0 40.0 40.0 40.0 40.0 39.0 0.01
75.0 85.0 78.0 90.0 70.0 84.0 73.0 86.0 72.0 88.0 0.12
40.0 40.0 40.0 40.0 40.0 41.0 39.0 40.0 40.0 40.0 0.01
61.0 62.0 61.0 63.0 62.0 60.0 62.0 61.0 62.0 63.0 0.07
62.0 60.0 61.0 62.0 63.0 61.0 60.0 62.0 63.0 61.0 0.05
39.0 40.0 40.0 41.0 40.0 40.0 40.0 40.0 41.0 40.0 0.01
60.0 61.0 62.0 62.0 60.0 61.0 61.0 62.0 61.0 60.0 0.09
61.0 61.0 60.0 61.0 62.0 61.0 63.0 60.0 61.0 62.0 0.08
60.0 61.0 62.0 63.0 60.0 61.0 60.0 62.0 60.0 61.0 0.06
61.0 60.0 61.0 62.0 61.0 60.0 62.0 61.0 60.0 62.0 0.07
60.0 61.0 60.0 61.0 62.0 60.0 60.0 61.0 62.0 60.0 0.06
61.0 62.0 60.0 61.0 60.0 62.0 61.0 60.0 62.0 60.0 0.05
79.0 81.0 75.0 83.0 78.0 84.0 76.0 82.0 79.0 85.0 0.15
85.0 72.0 88.0 70.0 84.0 75.0 80.0 78.0 87.0 73.0 0.12
76.0 90.0 70.0 85.0 72.0 86.0 74.0 80.0 77.0 83.0 0.13
89.0 70.0 75.0 88.0 77.0 85.0 73.0 81.0 74.0 86.0 0.14
82.0 70.0 88.0 73.0 80.0 86.0 71.0 89.0 74.0 85.0 0.16
74.0 89.0 71.0 85.0 73.0 87.0 75.0 83.0 74.0 86.0 0.13
40.0 39.0 40.0 40.0 40.0 40.0 40.0 39.0 40.0 41.0 0.01
83.0 70.0 87.0 75.0 81.0 89.0 74.0 82.0 76.0 84.0 0.14
60.0 59.0 62.0 61.0 60.0 61.0 63.0 60.0 62.0 61.0 0.08
71.0 88.0 72.0 87.0 74.0 85.0 70.0 90.0 76.0 84.0 0.16
41.0 40.0 40.0 40.0 40.0 39.0 40.0 41.0 40.0 40.0 0.02
60.0 61.0 60.0 61.0 60.0 61.0 60.0 61.0 60.0 61.0 0.05
62.0 62.0 62.0 62.0 62.0 62.0 62.0 62.0 62.0 62.0 0.07
58.0 59.0 58.0 59.0 58.0 59.0 58.0 59.0 58.0 59.0 0.06
61.0 60.0 61.0 60.0 61.0 60.0 61.0 60.0 61.0 60.0 0.09
63.0 64.0 63.0 64.0 63.0 64.0 63.0 64.0 63.0 64.0 0.08
60.0 61.0 62.0 61.0 60.0 61.0 60.0 61.0 60.0 61.0 0.06
59.0 60.0 61.0 62.0 61.0 60.0 59.0 58.0 57.0 58.0 0.07
64.0 63.0 62.0 61.0 60.0 60.0 60.0 60.0 60.0 60.0 0.08
55.0 56.0 57.0 58.0 59.0 60.0 61.0 62.0 63.0 64.0 0.05
60.0 60.0 60.0 61.0 61.0 60.0 60.0 60.0 60.0 60.0 0.06
40.0 40.0 40.0 40.0 41.0 40.0 40.0 39.0 40.0 40.0 0.01
39.0 39.0 40.0 40.0 40.0 40.0 41.0 41.0 40.0 39.0 0.02
40.0 41.0 40.0 40.0 41.0 40.0 39.0 40.0 40.0 40.0 0.01
38.0 39.0 39.0 40.0 40.0 40.0 40.0 40.0 40.0 40.0 0.00
40.0 40.0 40.0 40.0 40.0 41.0 40.0 40.0 40.0 41.0 0.01
41.0 41.0 41.0 40.0 40.0 40.0 40.0 40.0 40.0 40.0 0.02
40.0 40.0 41.0 41.0 41.0 41.0 40.0 40.0 40.0 39.0 0.01
40.0 40.0 39.0 39.0 39.0 39.0 40.0 40.0 40.0 40.0 0.01
40.0 40.0 40.0 40.0 40.0 40.0 41.0 41.0 41.0 41.0 0.00
39.0 40.0 40.0 40.0 40.0 40.0 40.0 39.0 40.0 40.0 0.01
75.0 72.0 78.0 76.0 70.0 85.0 65.0 90.0 72.0 80.0 0.18
82.0 81.0 80.0 85.0 84.0 86.0 85.0 87.0 86.0 88.0 0.20
70.0 75.0 80.0 85.0 90.0 85.0 80.0 75.0 70.0 65.0 0.21
92.0 91.0 93.0 94.0 95.0 94.0 93.0 92.0 91.0 90.0 0.25
77.0 78.0 76.0 75.0 74.0 76.0 78.0 77.0 76.0 74.0 0.17
65.0 70.0 75.0 80.0 85.0 90.0 85.0 80.0 75.0 70.0 0.19
90.0 85.0 80.0 75.0 70.0 65.0 60.0 55.0 50.0 45.0 0.23
80.0 82.0 81.0 83.0 84.0 85.0 86.0 87.0 86.0 85.0 0.22
65.0 66.0 67.0 70.0 72.0 74.0 76.0 78.0 80.0 82.0 0.20
70.0 70.0 70.0 70.0 70.0 75.0 80.0 85.0 90.0 95.0 0.18
